NAME         : A-n32-k05
DATASET      : Augerat 1995 — Set A
N_CUSTOMERS  : 31
N_VEHICLES   : 5
CAPACITY     : 100
DEPOT        : 1
DISTANCE     : euclidean
DECIMALS     : 0

# NODE_ID  TYPE(0=depot 1=cliente)  X  Y
NODES_SECTION
1	0	82.0	76.0
2	1	96.0	44.0
3	1	50.0	5.0
4	1	49.0	8.0
5	1	13.0	7.0
6	1	29.0	89.0
7	1	58.0	30.0
8	1	84.0	39.0
9	1	14.0	24.0
10	1	2.0	39.0
11	1	3.0	82.0
12	1	5.0	10.0
13	1	98.0	52.0
14	1	84.0	25.0
15	1	61.0	59.0
16	1	1.0	65.0
17	1	88.0	51.0
18	1	91.0	2.0
19	1	19.0	32.0
20	1	93.0	3.0
21	1	50.0	93.0
22	1	98.0	14.0
23	1	5.0	42.0
24	1	42.0	9.0
25	1	61.0	62.0
26	1	9.0	97.0
27	1	80.0	55.0
28	1	57.0	69.0
29	1	23.0	15.0
30	1	20.0	70.0
31	1	85.0	60.0
32	1	98.0	5.0

# NODE_ID  DEMAND
DEMAND_SECTION
2	19.0
3	21.0
4	6.0
5	19.0
6	7.0
7	12.0
8	16.0
9	6.0
10	16.0
11	8.0
12	14.0
13	21.0
14	16.0
15	3.0
16	22.0
17	18.0
18	19.0
19	1.0
20	24.0
21	8.0
22	12.0
23	4.0
24	8.0
25	24.0
26	24.0
27	2.0
28	20.0
29	15.0
30	2.0
31	14.0
32	9.0
